1
55
2
308
3
65
4
489
5
159
6
383
7
285
8
337
9
252
10
330
11
419
12
179
13
70
14
65
15
41
16
440
17
84
18
454
19
507
20
146
21
105
22
99
23
455
24
35
25
336
26
397
27
299
28
427
29
483
30
483
31
378
32
389
33
83
34
102
35
206
36
93
37
68
38
314
39
186
40
350
41
280
42
394
43
202
44
415
45
391
46
75
47
329
48
365
49
477
50
261
51
479
52
439
53
346
54
430
55
221
56
177
57
399
58
485
59
44
60
433
61
309
62
381
63
380
64
261
65
419
66
152
67
194
68
510
69
359
70
210
71
465
72
317
73
29
74
483
75
122
76
209
77
164
78
405
79
309
80
181
81
474
82
274
83
250
84
484
85
351
86
267
87
323
88
179
89
479
90
117
91
297
92
235
93
288
94
30
95
199
96
89
97
438
98
435
99
495
100
491
101
251
102
38
103
448
104
439
105
246
106
331
107
149
108
191
109
200
110
56
111
511
